date=2026-03-04
git_commit_sha=f0e577e8d0fb20da3870b300e3adefbb3955eb4d
input_gate3_samples_csv=runs/realdata_E2_gate3/samples.csv
input_label_json=data/realdata/out_E2_snap.json
metric=l3_kappa_mean
n_samples=400
n0=200
n1=200
p_obs=4.07076293535347244e-01
R=5000
seed=7
percentile_p_perm_le_p_obs=3.95399999999999974e-01
p_empirical=3.95520895820835827e-01
p_perm_min=3.12564419137566706e-04
p_perm_p5=5.66623918605487983e-02
p_perm_p50=5.14013588951441225e-01
p_perm_p95=9.49309872819756873e-01
conclusion=FAILS
