date=2026-03-03
git_commit_sha=f0e577e8d0fb20da3870b300e3adefbb3955eb4d
input_gate3_samples_csv=runs/realdata_E2_gate3/samples.csv
input_label_json=data/realdata/out_E2_snap.json
metric=l3_kappa_mean
n_samples=200
n0=100
n1=100
p_obs=3.59361313776209515e-02
R=2000
seed=7
percentile_p_perm_le_p_obs=2.99999999999999989e-02
p_empirical=3.04847576211894067e-02
p_perm_min=2.18215301226085034e-05
p_perm_p5=5.81125310661814165e-02
p_perm_p50=5.10221197607555133e-01
p_perm_p95=9.52264726653990978e-01
conclusion=SURVIVES
conclusion_detail=signal survives permutation (weak but real)
